265.1809186 -53.6720774 2615 3108
265.1851153 -53.6752194 2436 2885
265.1664342 -53.6708618 3233 3196
265.1716995 -53.6703761 3010 3232
265.1579438 -53.6731536 3595 3033
265.1553702 -53.6742765 3703 2949
265.2078873 -53.6947614 1470 1475
265.1582862 -53.7057191 3581 687
265.1507049 -53.7018211 3904 968
265.1969424 -53.6715140 1933 3149
265.1758499 -53.6463923 2832 4958
265.1830787 -53.6392051 2528 5477
265.1577440 -53.6695863 3604 3288
265.1120798 -53.6663743 5563 3519
265.1851153 -53.6752194 2435 2885
265.1499409 -53.6643263 3937 3665
265.2212372 -53.6744264 898 2939
265.1812093 -53.6739669 2601 2976
265.1771018 -53.6912105 2779 1730
265.1752718 -53.6555219 2857 4300
265.1206977 -53.6772815 5182 2732
265.1966796 -53.6475178 1943 4875
265.1716406 -53.6793696 3011 2579
265.1732470 -53.6723901 2944 3086
265.1740825 -53.6732552 2908 3024
265.1746741 -53.6731286 2884 3039
265.1716686 -53.6715080 3011 3150
265.1715379 -53.6718966 3018 3128
265.1715481 -53.6721623 3017 3103
265.1716118 -53.6726154 3014 3070
265.1786013 -53.6725723 2716 3073
265.1749231 -53.6721614 2873 3104
265.1740303 -53.6748174 2911 2917
265.1745379 -53.6752710 2889 2880
