265.1773848 -53.6747664 2769 2921
265.1781240 -53.6745311 2737 2937
265.1766795 -53.6746436 2800 2931
265.1771056 -53.6734713 2780 3014
265.1785324 -53.6732697 2719 3028
265.1786561 -53.6731384 2714 3038
265.1744460 -53.6750551 2894 2900
265.1740303 -53.6748174 2911 2917
265.1737729 -53.6749965 2924 2907
265.1715379 -53.6718966 3017 3128
265.1758955 -53.6784152 2831 2657
265.1284761 -53.6801209 4854 2535
265.1889095 -53.6597893 2276 3999
265.1894771 -53.6600428 2252 3981
265.1903105 -53.6604727 2217 3950
265.1726412 -53.6737832 2970 2991
265.1759740 -53.6752199 2828 2888
265.1764336 -53.6754994 2809 2868
265.1787558 -53.6750004 2709 2904
265.1759036 -53.6731753 2832 3035
265.1763145 -53.6728991 2814 3055
265.1749372 -53.6745225 2872 2931
265.1751727 -53.6756487 2862 2858
