
# Input File: UCAC5allradec.txt  Output File: UCAC5matchedccfind
#     Image: hubblef606wimg.fits  Wcs: 
# Insystem: icrs  Coordinates: equatorial ICRS
#     Equinox: J2000.000 Epoch: J2000.00000000 MJD: 51544.50000
# Refsystem: hubblef606wimg.fits logical  Projection: TAN  Ra/Dec axes: 1/2
#     Coordinates: equatorial ICRS Equinox: J2000.000
#     Epoch: J2006.40520192 MJD: 53884.00000

265.162449746 -53.708571643    3403.904    481.618
265.163451239 -53.69429983    3363.606   1501.371
265.163718977 -53.696127815    3347.543   1381.500
265.165488531 -53.696295166    3275.639   1365.808
265.165921436 -53.705988874    3259.005    670.305
265.166116077 -53.707187862    3241.171    582.038
265.166825248 -53.70265602    3220.004    906.138
265.167702912 -53.697969987    3181.902   1246.138
265.16852665 -53.70032096    3151.419   1071.922
265.168446848 -53.695856192    3149.151   1394.869
265.168743475 -53.704269793    3125.481    796.247
265.168937882 -53.709213096    3128.124    437.766
265.169082558 -53.702422018    3121.710    924.439
265.170356103 -53.696237915    3067.778   1374.406
265.17199693 -53.700789256    2988.904   1044.583
265.172967358 -53.706130436    2955.836    657.040
265.173187122 -53.697470324    2951.761   1285.122
265.174895128 -53.705495446    2873.931    705.201
265.175255378 -53.699508988    2857.809   1133.862
265.175376944 -53.70062101    2854.453   1054.073
265.177187884 -53.701016205    2777.302   1027.816
265.177317828 -53.699597582    2772.740   1128.511
265.177473593 -53.703254248    2767.469    866.194
265.179127798 -53.703519447    2695.445    834.528
265.16394208 -53.690713356    3332.152   1780.575
265.164267114 -53.686109329    3326.693   2098.500
265.165751007 -53.680274209    3271.427   2514.887
265.166238323 -53.67766909    3242.311   2706.736
265.166434152 -53.670861841    3232.972   3196.805
265.167110047 -53.679585492    3207.602   2567.601
265.167650905 -53.683168653    3184.459   2312.615
265.168107415 -53.681681677    3162.448   2417.697
265.169497012 -53.670433904    3106.027   3227.784
265.169608809 -53.677911093    3100.018   2692.450
265.170462892 -53.686651816    3062.620   2058.992
265.170518802 -53.676724628    3052.566   2770.017
265.171640609 -53.679369626    3011.553   2579.391
265.173362299 -53.682561918    2938.572   2354.209
265.1734161 -53.677608964    2937.851   2702.982
265.174086968 -53.686831456    2909.498   2045.863
265.17564023 -53.681219233    2850.233   2442.047
265.176545885 -53.685044221    2800.841   2173.291
265.176778559 -53.682854454    2791.501   2350.578
265.177101812 -53.691210452    2779.353   1731.000
265.177745633 -53.67971014    2762.998   2558.419
265.177351254 -53.692749116    2761.292   1622.209
265.17747928 -53.678468952    2761.485   2648.786
265.179321323 -53.687886954    2682.072   1968.175
265.179636346 -53.692009498    2677.324   1673.457
265.179671691 -53.685559263    2669.604   2137.881
265.180155117 -53.680285156    2649.734   2518.758
265.1808636 -53.69910464    2620.273   1164.009
265.18086313 -53.69548734    2612.052   1430.166
265.181090579 -53.676574616    2608.878   2783.310
265.181161142 -53.690797114    2606.471   1756.276
265.181857014 -53.696722474    2574.044   1335.260
265.182291535 -53.684972736    2556.527   2180.716
265.182364553 -53.6887487    2553.919   1912.900
265.182687591 -53.694790971    2540.565   1474.017
265.184231374 -53.693710967    2478.125   1550.330
265.184275116 -53.696980534    2476.156   1313.417
265.185301776 -53.694554148    2432.675   1483.295
265.185618017 -53.679913258    2415.364   2544.310
265.186452903 -53.700403801    2384.041   1064.573
265.186767496 -53.697589862    2360.353   1274.662
265.187579791 -53.681106028    2333.733   2460.145
265.188261334 -53.679110663    2301.528   2598.733
265.188271424 -53.702228431    2303.690    937.896
265.189488321 -53.688656109    2241.862   1912.404
265.191204951 -53.685596672    2178.247   2135.950
265.191437865 -53.695900698    2166.499   1395.849
265.192095833 -53.681666061    2138.918   2419.072
265.192295808 -53.690112247    2131.311   1810.274
265.192278943 -53.684903911    2130.527   2183.872
265.192572674 -53.696834474    2128.927   1324.517
265.194779122 -53.694850072    2021.277   1473.338
265.195008558 -53.684204978    2015.095   2236.478
265.195006064 -53.697591234    2014.106   1269.199
265.196100296 -53.698506877    1968.643   1205.936
265.197244299 -53.697197339    1908.717   1293.630
265.198400887 -53.689429813    1870.401   1863.794
265.199066907 -53.686362969    1853.148   2076.724
265.198864874 -53.692151831    1849.458   1664.069
265.200342292 -53.686747977    1794.287   2050.163
265.200369881 -53.684867333    1787.082   2188.795
265.201219478 -53.686080163    1756.214   2089.354
265.201101036 -53.690151872    1755.888   1807.733
265.203110035 -53.690892174    1669.396   1758.216
265.203440441 -53.685838708    1656.761   2123.138
265.203592402 -53.68780858    1649.933   1976.330
265.204088639 -53.694947112    1629.230   1463.739
265.204024341 -53.689741333    1628.204   1837.788
265.20579706 -53.692700462    1561.842   1621.795
265.206144364 -53.691215618    1537.287   1730.908
265.207887281 -53.694761444    1469.879   1474.505
265.208436493 -53.688614937    1442.086   1916.117
265.209489234 -53.689508962    1398.203   1855.154
265.216064459 -53.691854013    1108.830   1682.218
265.111503927 -53.67048544    5576.569   3219.668
265.11335107 -53.670932932    5498.894   3181.248
265.114810945 -53.675208966    5428.918   2884.135
265.117668416 -53.677149702    5315.614   2751.077
265.118378546 -53.676161208    5283.998   2815.419
265.120697671 -53.677281497    5182.163   2732.735
265.121327221 -53.674468153    5162.220   2935.758
265.123192718 -53.675795108    5077.260   2842.081
265.123369692 -53.676987015    5070.492   2753.915
265.125821105 -53.685349921    4965.067   2152.112
265.126236951 -53.682141557    4946.447   2385.403
265.127557341 -53.683626229    4895.149   2276.643
265.129803263 -53.681886877    4797.127   2402.321
265.130648601 -53.690028071    4754.094   1819.557
265.131927748 -53.679976127    4706.573   2530.326
265.13347182 -53.683032783    4636.639   2309.297
265.13362197 -53.686297948    4647.476   2072.964
265.134730397 -53.679971921    4584.190   2539.570
265.134904235 -53.687497908    4581.779   1995.013
265.136667168 -53.686584734    4502.766   2063.801
265.136657404 -53.690066036    4498.020   1813.595
265.137755649 -53.68452262    4457.867   2213.256
265.138548175 -53.693979672    4424.962   1529.074
265.139915117 -53.68302931    4368.623   2321.573
265.141043702 -53.683721036    4317.709   2270.566
265.14130612 -53.689267272    4305.982   1871.315
265.142482522 -53.696706268    4256.587   1337.175
265.14327779 -53.694314646    4206.334   1515.940
265.143771664 -53.699028338    4200.666   1168.778
265.144596172 -53.697410023    4165.256   1284.488
265.144792798 -53.700374187    4156.691   1072.984
265.1450822 -53.687323447    4145.878   2011.058
265.145877267 -53.691662301    4107.594   1699.434
265.146470585 -53.695990271    4092.553   1392.997
265.146478347 -53.697068364    4085.267   1313.562
265.146586899 -53.698945329    4080.716   1177.779
265.1467208 -53.689876717    4076.784   1829.000
265.147790243 -53.685987408    4034.418   2111.638
265.148051485 -53.705296774    4011.705    720.545
265.149636003 -53.692579551    3943.635   1627.559
265.149909593 -53.704230816    3922.978    803.568
265.150385093 -53.691281778    3914.989   1723.070
265.150704931 -53.701821143    3904.394    967.846
265.150661929 -53.690207065    3900.795   1798.662
265.150851104 -53.696428454    3898.995   1355.730
265.150941988 -53.695603633    3894.932   1415.653
265.151216469 -53.687377265    3889.519   2001.577
265.151422671 -53.6929227    3867.216   1596.941
265.152389564 -53.68928521    3832.670   1872.422
265.152990233 -53.704205865    3819.399    788.268
265.154652943 -53.690435142    3736.996   1795.124
265.154861274 -53.705277534    3727.716    718.134
265.155450444 -53.703273573    3715.535    858.231
265.155303072 -53.701135929    3708.630   1017.317
265.156179876 -53.698269577    3669.907   1228.749
265.156326246 -53.691974443    3665.748   1675.388
265.158165647 -53.703738551    3585.817    830.098
265.158027572 -53.69712632    3585.606   1312.894
265.158286201 -53.705719083    3581.235    686.704
265.159027971 -53.691509389    3552.882   1711.288
265.158977508 -53.696093994    3551.763   1381.542
265.159443506 -53.700237039    3535.839   1086.033
265.159939769 -53.704555442    3513.591    772.749
265.159984084 -53.693368277    3508.280   1575.919
265.161518886 -53.69240325    3439.255   1649.016
265.161615765 -53.697330613    3437.769   1290.722
265.112079798 -53.666374266    5563.423   3519.161
265.1135471 -53.666764688    5492.477   3490.273
265.115472955 -53.66483122    5407.688   3625.768
265.116314147 -53.660170252    5380.715   3965.288
265.117232138 -53.66656985    5337.278   3502.506
265.117573816 -53.661373449    5318.538   3880.333
265.118549845 -53.67051941    5276.706   3219.836
265.119314113 -53.671601299    5234.729   3136.927
265.122039101 -53.661594006    5126.647   3863.000
265.124564493 -53.662137234    5018.884   3826.015
265.125321454 -53.663103668    4996.145   3752.345
265.125329107 -53.66885242    4979.082   3336.696
265.125589707 -53.664733142    4973.845   3641.377
265.126058672 -53.666554675    4965.214   3507.874
265.126650042 -53.670925265    4931.809   3191.567
265.126791569 -53.662017057    4928.176   3833.470
265.128111356 -53.660298806    4870.519   3963.240
265.129732458 -53.665425651    4806.378   3587.296
265.129801632 -53.663373302    4798.212   3736.162
265.130102685 -53.670013344    4785.100   3259.859
265.130630865 -53.652870432    4762.446   4492.667
265.130682264 -53.66859443    4759.556   3355.068
265.131728527 -53.676276428    4714.700   2807.877
265.13181192 -53.665089392    4711.702   3611.211
265.132027624 -53.668333769    4702.167   3389.475
265.132136264 -53.677585734    4682.817   2702.049
265.132911296 -53.66232441    4668.184   3807.712
265.133380898 -53.669863555    4645.984   3270.587
265.133587587 -53.65436932    4626.050   4384.592
265.134861218 -53.663349061    4585.512   3736.061
265.134866688 -53.664487769    4582.659   3655.260
265.135940247 -53.670883534    4534.073   3194.764
265.136232572 -53.665664813    4517.730   3578.451
265.136513273 -53.675416836    4510.875   2868.368
265.136515067 -53.663801257    4510.967   3704.106
265.137525854 -53.681066272    4466.704   2460.226
265.137833472 -53.658054899    4454.573   4116.667
265.138569418 -53.677845703    4422.994   2693.753
265.139445586 -53.675173034    4385.550   2886.557
265.139614502 -53.678907683    4378.754   2617.077
265.139839433 -53.660327411    4369.468   3954.710
265.140205726 -53.670568154    4353.594   3217.795
265.140375514 -53.657368293    4348.496   4167.558
265.141662068 -53.665502081    4296.212   3583.894
265.142185486 -53.678217975    4275.747   2667.791
265.142016895 -53.66938913    4272.271   3300.535
265.142230077 -53.667567155    4260.452   3434.694
265.142531888 -53.67686827    4250.667   2763.709
265.143312756 -53.680652532    4217.576   2494.076
265.144250582 -53.659687765    4180.450   4005.046
265.14460542 -53.677177301    4168.971   2733.365
265.145840489 -53.682011113    4101.559   2402.533
265.146275995 -53.665932584    4094.899   3551.702
265.146240273 -53.678814778    4089.313   2626.687
265.146631143 -53.670641382    4079.399   3212.480
265.146790851 -53.661939136    4072.419   3838.966
265.147238932 -53.68004159    4056.421   2535.685
265.148311341 -53.679677451    4003.100   2563.069
265.148501045 -53.683364071    3998.684   2285.128
265.148752448 -53.673387442    3991.955   3013.451
265.14967177 -53.676270367    3950.190   2803.809
265.149684106 -53.66708978    3942.883   3466.619
265.149940947 -53.6643263    3936.697   3665.762
265.149590767 -53.678153518    3969.373   2667.338
265.150725201 -53.682539999    3904.781   2355.922
265.15162907 -53.671811052    3866.146   3130.036
265.152124552 -53.674395439    3846.403   2947.315
265.152390679 -53.68531    3828.975   2153.798
265.152689384 -53.678169982    3820.449   2670.483
265.152916233 -53.666767504    3811.704   3491.088
265.153416215 -53.681878364    3789.504   2403.541
265.153782222 -53.683838349    3770.534   2262.290
265.154149271 -53.663277465    3766.251   3730.814
265.154360982 -53.671918036    3749.708   3120.968
265.155215961 -53.672934739    3703.501   3044.590
265.155065725 -53.669034564    3719.064   3329.989
265.155370198 -53.674276491    3703.559   2949.206
265.156166841 -53.683375999    3672.724   2300.535
265.157213601 -53.680603933    3629.719   2494.744
265.157455723 -53.683795868    3625.194   2260.853
265.157336283 -53.665942134    3622.805   3550.867
265.157744044 -53.669586317    3605.523   3288.650
265.157826388 -53.687824048    3602.326   1975.384
265.158157597 -53.6784697    3597.257   2637.534
265.157943812 -53.673153623    3594.679   3033.427
265.1587608 -53.686606143    3558.897   2063.882
265.158937412 -53.690281423    3551.117   1793.074
265.159742108 -53.688168981    3527.066   1950.091
265.159623778 -53.670128346    3514.256   3251.862
265.160589757 -53.666238306    3481.028   3526.154
265.161564247 -53.674208393    3443.149   2947.906
265.162047492 -53.667241028    3422.862   3456.695
265.162085912 -53.682617022    3419.773   2349.575
265.162089192 -53.679228735    3419.131   2596.289
265.162539515 -53.67005492    3401.759   3253.647
265.16320849 -53.67703844    3379.474   2755.756
265.16324605 -53.674375508    3370.565   2942.564
265.163983508 -53.667654969    3339.913   3429.382
265.164838566 -53.673258344    3315.907   3033.326
265.165505373 -53.671756986    3272.993   3132.409
265.10656155 -53.665699866    5788.886   3567.508
265.107929203 -53.660478643    5730.626   3943.305
265.108123814 -53.663531708    5722.871   3729.247
265.10855598 -53.665357366    5703.757   3592.235
265.223242238 -53.675747796     824.618   2845.886
265.224419101 -53.671070744     760.971   3182.383
265.224551178 -53.677820193     756.397   2690.715
265.225372926 -53.680901499     718.424   2474.196
265.226233382 -53.677020603     683.146   2754.562
265.228265928 -53.672177817     592.125   3102.697
265.230190815 -53.677470091     516.624   2719.092
265.231866465 -53.681440218     443.926   2434.058
265.233191348 -53.678939982     387.150   2613.780
265.233998648 -53.676124544     352.679   2816.953
265.236420964 -53.681497811     249.373   2429.005
265.167157115 -53.66788687    3210.803   3410.716
265.167716903 -53.661675166    3178.263   3859.234
265.169809058 -53.647487264    3090.566   4879.944
265.170816355 -53.663456728    3047.804   3730.147
265.171699531 -53.670376063    3010.798   3232.073
265.171716942 -53.652273755    3003.470   4537.302
265.171995901 -53.656019926    2996.896   4268.440
265.173025319 -53.64771689    2952.961   4863.618
265.174801683 -53.64847032    2870.313   4817.955
265.174674007 -53.66251196    2884.273   3797.949
265.175271757 -53.655521931    2857.417   4301.467
265.175740654 -53.65349934    2842.972   4448.453
265.175906384 -53.672178121    2827.186   3102.520
265.175903849 -53.664594999    2830.532   3647.450
265.176866563 -53.665823283    2789.427   3558.229
265.178281646 -53.654798075    2727.232   4353.892
265.179392254 -53.651259569    2685.573   4609.698
265.179987019 -53.663976726    2666.866   3699.701
265.180206698 -53.668062825    2646.566   3398.506
265.180918571 -53.67207737    2615.572   3109.074
265.181137061 -53.66434045    2605.522   3662.983
265.181209347 -53.673966938    2601.762   2976.460
265.181285644 -53.658644489    2600.843   4076.480
265.183392947 -53.668580333    2511.579   3364.489
265.183951202 -53.663282714    2487.445   3741.397
265.184288731 -53.666035834    2469.286   3547.390
265.184920565 -53.654381739    2437.841   4371.047
265.1851153 -53.675219413    2435.720   2885.915
265.186069523 -53.65212317    2397.400   4545.595
265.187013223 -53.654590731    2357.001   4368.384
265.187182862 -53.661778139    2348.840   3853.477
265.188900252 -53.66211709    2274.741   3821.515
265.190016255 -53.666251675    2226.541   3529.286
265.190235857 -53.658024008    2217.982   4121.239
265.190430116 -53.674281807    2210.765   2950.647
265.190830192 -53.655695057    2197.076   4288.133
265.192564876 -53.663916268    2117.859   3702.979
265.192810256 -53.659872292    2109.055   3988.641
265.193272121 -53.655321417    2086.846   4322.665
265.193645248 -53.66980658    2072.685   3271.751
265.195672845 -53.658778885    1997.972   4065.647
265.195742726 -53.665660642    1984.214   3570.675
265.195820458 -53.668186358    1976.901   3387.134
265.196942351 -53.671513988    1932.921   3149.573
265.197008403 -53.660681188    1930.872   3930.209
265.197406567 -53.658743079    1915.164   4072.516
265.197530561 -53.675864454    1914.890   2827.142
265.199041467 -53.662611977    1842.977   3790.043
265.20021445 -53.680699779    1793.679   2488.400
265.20067829 -53.667582237    1785.726   3438.908
265.200484105 -53.671482818    1782.077   3151.962
265.202490585 -53.683097768    1698.484   2319.641
265.204734493 -53.664616331    1600.059   3647.374
265.207736612 -53.680205571    1472.455   2527.690
265.207844573 -53.68598879    1468.458   2107.183
265.207904746 -53.683002447    1465.346   2322.800
265.207944929 -53.665515303    1460.468   3579.960
265.20822104 -53.667523678    1448.376   3439.373
265.208607554 -53.662097702    1441.120   3822.157
265.208835309 -53.681631897    1426.739   2421.398
265.209801159 -53.673328494    1382.719   3016.891
265.210276862 -53.678584042    1373.179   2646.429
265.210690514 -53.683275098    1343.579   2307.329
265.21275537 -53.687220131    1259.968   2018.351
265.212892795 -53.672611056    1252.806   3070.885
265.212922001 -53.679100522    1252.573   2602.407
265.21423538 -53.675503477    1195.446   2861.963
265.214964148 -53.681959208    1164.317   2399.264
265.214952964 -53.669438187    1163.812   3301.609
265.215145301 -53.689461837    1154.908   1851.726
265.216159048 -53.679243875    1111.473   2598.035
265.216871097 -53.668919539    1079.033   3334.668
265.216938175 -53.668977298    1067.020   3317.130
265.217393569 -53.689023426    1062.989   1888.521
265.21864213 -53.682430763    1009.273   2363.447
265.21860252 -53.666512138    1006.683   3514.461
265.21892458 -53.684723844     996.149   2198.169
265.219051977 -53.678584408     993.209   2634.123
265.219245988 -53.667866929     983.979   3402.231
265.219558356 -53.676013925     969.096   2825.553
265.220395546 -53.687871027     932.213   1970.405
265.22106627 -53.66753368     904.232   3437.215
265.221237201 -53.674426372     897.677   2939.395
265.221456657 -53.682817426     884.784   2330.967
265.222146795 -53.681033798     869.742   2454.752
265.17176938 -53.644109341    3006.839   5123.121
265.17584994 -53.646392308    2831.862   4958.872
265.180667198 -53.645413075    2627.279   5029.153
265.183078717 -53.639205059    2527.467   5478.432
265.183586145 -53.642340247    2502.269   5245.424
265.183646677 -53.640536826    2500.781   5379.388
265.183740557 -53.643649149    2493.318   5159.094
265.186284514 -53.64285329    2386.272   5208.921
265.187603445 -53.644650803    2342.117   5087.939
265.187652249 -53.641820202    2338.981   5291.542
265.189231782 -53.649011492    2258.976   4769.629
265.189393183 -53.640223235    2257.831   5407.022
265.190050091 -53.648140764    2231.643   4832.597
265.190836002 -53.63830499    2193.311   5541.452
265.191136372 -53.646223695    2178.603   4973.714
265.191817562 -53.648613658    2151.710   4802.576
265.192082978 -53.639776257    2140.056   5437.385
265.192151329 -53.647123096    2135.020   4901.344
265.192649108 -53.641837731    2116.723   5287.745
265.193909742 -53.64915409    2066.348   4757.166
265.194044162 -53.639848123    2061.533   5419.171
265.195149832 -53.645059203    2008.892   5056.607
265.195674327 -53.641899019    1982.800   5280.612
265.19667961 -53.647517768    1942.860   4876.790
265.197347624 -53.655848111    1912.491   4273.519
265.197316439 -53.653619615    1912.753   4436.246
265.198108929 -53.644714149    1880.806   5078.316
265.199630854 -53.646725937    1818.572   4933.418
265.202821559 -53.648840361    1678.690   4785.635
265.20313865 -53.65435907    1670.876   4388.572
265.204780953 -53.6531431    1596.456   4473.229
265.205269283 -53.656248739    1571.968   4254.911
265.206084246 -53.651139003    1541.514   4616.960
265.223120547 -53.665860358     820.482   3560.132
265.134101965 -53.652741602    4614.449   4501.500
265.144738499 -53.656701335    4165.720   4217.741
265.146716156 -53.658375441    4076.208   4095.524
265.148829947 -53.65913323    3985.416   4040.707
265.149701777 -53.660338154    3946.451   3955.172
265.150284386 -53.654382351    3925.634   4382.982
265.150856336 -53.658024853    3896.861   4119.497
265.152301715 -53.660096524    3834.555   3968.809
265.152824965 -53.658482919    3809.762   4095.499
265.153332382 -53.661755101    3787.307   3850.306
265.153874022 -53.651198796    3768.747   4611.265
265.154605676 -53.650206736    3738.295   4689.772
265.155082585 -53.659502754    3719.401   4014.430
265.155152449 -53.662399136    3716.063   3806.356
265.155601468 -53.661215145    3698.617   3890.139
265.156645338 -53.655515177    3653.804   4301.763
265.156637442 -53.649907839    3649.942   4709.217
265.157501403 -53.66130585    3620.622   3885.546
265.157484657 -53.663120337    3618.601   3751.151
265.157934677 -53.652115528    3599.353   4549.441
265.15805201 -53.64830271    3591.841   4822.049
265.158805571 -53.662948356    3554.350   3763.949
265.159165831 -53.656460552    3545.905   4238.577
265.159174908 -53.664096646    3543.469   3687.242
265.161702438 -53.655189559    3435.342   4328.723
265.162327712 -53.658744347    3421.403   4059.833
265.164734763 -53.655576827    3307.166   4304.102
265.165371866 -53.665782221    3287.442   3561.529
265.167207446 -53.658212117    3205.927   4110.224
265.16747451 -53.652103264    3187.282   4541.702
265.168110025 -53.64942526    3167.921   4731.966
265.168305705 -53.645388548    3154.608   5032.911
