265.220082547 -53.701349417
265.221248827 -53.69711849
265.222672553 -53.700019056
265.226094267 -53.699228402
265.227572293 -53.697186417
265.229671036 -53.696592197
265.162449746 -53.708571643
265.163334754 -53.712302847
265.163451239 -53.69429983
265.163718977 -53.696127815
265.165488531 -53.696295166
265.165921436 -53.705988874
265.166116077 -53.707187862
265.166825248 -53.70265602
265.167466035 -53.710360192
265.167702912 -53.697969987
265.16852665 -53.70032096
265.168446848 -53.695856192
265.168743475 -53.704269793
265.168937882 -53.709213096
265.169082558 -53.702422018
265.170356103 -53.696237915
265.171523977 -53.709038736
265.171410437 -53.713852793
265.17199693 -53.700789256
265.172561216 -53.712835921
265.172967358 -53.706130436
265.173187122 -53.697470324
265.174803387 -53.71122263
265.174895128 -53.705495446
265.175255378 -53.699508988
265.175376944 -53.70062101
265.177187884 -53.701016205
265.177317828 -53.699597582
265.177473593 -53.703254248
265.179127798 -53.703519447
265.180091319 -53.713985976
265.181004633 -53.711389969
265.181011149 -53.711438669
265.18212024 -53.713581739
265.182563736 -53.707929287
265.184178751 -53.712919846
265.18474397 -53.708141697
265.185846041 -53.707380201
265.186662504 -53.709722528
265.187710819 -53.711946322
265.188007494 -53.706170489
265.188279491 -53.713771829
265.194239928 -53.711526995
265.16394208 -53.690713356
265.164267114 -53.686109329
265.165751007 -53.680274209
265.166238323 -53.67766909
265.166434152 -53.670861841
265.167110047 -53.679585492
265.167650905 -53.683168653
265.168107415 -53.681681677
265.169497012 -53.670433904
265.169608809 -53.677911093
265.170462892 -53.686651816
265.170518802 -53.676724628
265.171640609 -53.679369626
265.173362299 -53.682561918
265.1734161 -53.677608964
265.174086968 -53.686831456
265.17564023 -53.681219233
265.176545885 -53.685044221
265.176778559 -53.682854454
265.177101812 -53.691210452
265.177745633 -53.67971014
265.177351254 -53.692749116
265.17747928 -53.678468952
265.179321323 -53.687886954
265.179636346 -53.692009498
265.179671691 -53.685559263
265.180155117 -53.680285156
265.1808636 -53.69910464
265.18086313 -53.69548734
265.181090579 -53.676574616
265.181161142 -53.690797114
265.181857014 -53.696722474
265.182291535 -53.684972736
265.182364553 -53.6887487
265.182687591 -53.694790971
265.184231374 -53.693710967
265.184275116 -53.696980534
265.185301776 -53.694554148
265.185618017 -53.679913258
265.186452903 -53.700403801
265.186767496 -53.697589862
265.187579791 -53.681106028
265.188261334 -53.679110663
265.188271424 -53.702228431
265.189488321 -53.688656109
265.191204951 -53.685596672
265.19104896 -53.704652886
265.191437865 -53.695900698
265.192095833 -53.681666061
265.192295808 -53.690112247
265.192278943 -53.684903911
265.192572674 -53.696834474
265.193466776 -53.705074696
265.194779122 -53.694850072
265.195008558 -53.684204978
265.195006064 -53.697591234
265.196100296 -53.698506877
265.196671812 -53.705735237
265.197244299 -53.697197339
265.19814466 -53.702263783
265.198400887 -53.689429813
265.198598037 -53.707458272
265.199066907 -53.686362969
265.198864874 -53.692151831
265.200342292 -53.686747977
265.200369881 -53.684867333
265.201219478 -53.686080163
265.201101036 -53.690151872
265.201531269 -53.699759494
265.202885314 -53.702712452
265.203110035 -53.690892174
265.203278804 -53.704208909
265.203440441 -53.685838708
265.203592402 -53.68780858
265.204088639 -53.694947112
265.204024341 -53.689741333
265.205132197 -53.705250867
265.20579706 -53.692700462
265.206144364 -53.691215618
265.207887281 -53.694761444
265.207964455 -53.709055511
265.207966095 -53.700698954
265.208436493 -53.688614937
265.208823087 -53.705726232
265.208863437 -53.707613882
265.209089795 -53.699011287
265.209489234 -53.689508962
265.21252184 -53.699712875
265.214015819 -53.695509205
265.214311967 -53.701595244
265.215865524 -53.700313835
265.216064459 -53.691854013
265.216688939 -53.70319663
265.217153739 -53.704687822
265.217587667 -53.700656703
265.218954488 -53.693786344
265.114855381 -53.696583413
265.127363749 -53.7031343
265.129147519 -53.704451031
265.13617133 -53.706159013
265.138065591 -53.709777954
265.150949061 -53.713176681
265.107908722 -53.677959854
265.109600583 -53.681088675
265.1098829 -53.691990432
265.110144325 -53.685554972
265.110565824 -53.678386703
265.1107364 -53.683317426
265.111503927 -53.67048544
265.111925727 -53.675528305
265.111997195 -53.673262908
265.112171708 -53.691277914
265.112717206 -53.689986784
265.113167579 -53.685651567
265.11335107 -53.670932932
265.113581562 -53.681704203
265.11491659 -53.687396746
265.115025482 -53.678919767
265.114810945 -53.675208966
265.11606317 -53.679998026
265.116515724 -53.677883317
265.117451985 -53.691969436
265.11735329 -53.686996098
265.117668416 -53.677149702
265.118378546 -53.676161208
265.118740067 -53.683864731
265.119920009 -53.697736892
265.119877284 -53.680818163
265.120805947 -53.693084032
265.120697671 -53.677281497
265.121153123 -53.684967304
265.121327221 -53.674468153
265.121671839 -53.694174758
265.121792763 -53.691941109
265.123192718 -53.675795108
265.123306715 -53.687484585
265.123369692 -53.676987015
265.124147119 -53.689126208
265.124460327 -53.685837121
265.124697259 -53.686648283
265.125388092 -53.690935672
265.125497441 -53.690025814
265.125572819 -53.697580585
265.125617157 -53.693864175
265.125821105 -53.685349921
265.126236951 -53.682141557
265.127231386 -53.697792655
265.127557341 -53.683626229
265.12869438 -53.696857575
265.129803263 -53.681886877
265.130648601 -53.690028071
265.131315217 -53.693587217
265.131927748 -53.679976127
265.13300773 -53.698256164
265.13347182 -53.683032783
265.13362197 -53.686297948
265.134730397 -53.679971921
265.134904235 -53.687497908
265.135390994 -53.697066316
265.136667168 -53.686584734
265.136657404 -53.690066036
265.137755649 -53.68452262
265.138093464 -53.700292803
265.138548175 -53.693979672
265.139915117 -53.68302931
265.139899063 -53.699305347
265.140317133 -53.702597195
265.141043702 -53.683721036
265.14130612 -53.689267272
265.142372744 -53.704801219
265.142482522 -53.696706268
265.14327779 -53.694314646
265.143771664 -53.699028338
265.144596172 -53.697410023
265.144792798 -53.700374187
265.1450822 -53.687323447
265.145065717 -53.707354556
265.145877267 -53.691662301
265.146470585 -53.695990271
265.146478347 -53.697068364
265.146586899 -53.698945329
265.1467208 -53.689876717
265.147790243 -53.685987408
265.148051485 -53.705296774
265.149636003 -53.692579551
265.149909593 -53.704230816
265.150385093 -53.691281778
265.150704931 -53.701821143
265.150661929 -53.690207065
265.150851104 -53.696428454
265.150941988 -53.695603633
265.151216469 -53.687377265
265.151422671 -53.6929227
265.151559767 -53.709287329
265.151984027 -53.711425916
265.152389564 -53.68928521
265.152851831 -53.691529854
265.152990233 -53.704205865
265.154652943 -53.690435142
265.154861274 -53.705277534
265.155450444 -53.703273573
265.155303072 -53.701135929
265.155176508 -53.688902708
265.156179876 -53.698269577
265.156326246 -53.691974443
265.158165647 -53.703738551
265.158027572 -53.69712632
265.158286201 -53.705719083
265.159027971 -53.691509389
265.158977508 -53.696093994
265.159443506 -53.700237039
265.159939769 -53.704555442
265.159984084 -53.693368277
265.161518886 -53.69240325
265.161615765 -53.697330613
265.112079798 -53.666374266
265.112088668 -53.652716939
265.1135471 -53.666764688
265.114579454 -53.655991985
265.115472955 -53.66483122
265.115788159 -53.6489982
265.116314147 -53.660170252
265.117040953 -53.65598834
265.1170622 -53.649560245
265.117232138 -53.66656985
265.117573816 -53.661373449
265.118549845 -53.67051941
265.119314113 -53.671601299
265.122039101 -53.661594006
265.122738148 -53.654988631
265.122851956 -53.652317915
265.123779879 -53.65362484
265.124564493 -53.662137234
265.125321454 -53.663103668
265.125918568 -53.673712095
265.125329107 -53.66885242
265.125589707 -53.664733142
265.126058672 -53.666554675
265.126650042 -53.670925265
265.126791569 -53.662017057
265.128111356 -53.660298806
265.129732458 -53.665425651
265.129801632 -53.663373302
265.130102685 -53.670013344
265.130630865 -53.652870432
265.130682264 -53.66859443
265.131728527 -53.676276428
265.13181192 -53.665089392
265.132027624 -53.668333769
265.132136264 -53.677585734
265.132911296 -53.66232441
265.133380898 -53.669863555
265.133587587 -53.65436932
265.134861218 -53.663349061
265.134866688 -53.664487769
265.135940247 -53.670883534
265.136232572 -53.665664813
265.136513273 -53.675416836
265.136515067 -53.663801257
265.137525854 -53.681066272
265.137833472 -53.658054899
265.138569418 -53.677845703
265.139445586 -53.675173034
265.139614502 -53.678907683
265.139839433 -53.660327411
265.140205726 -53.670568154
265.140375514 -53.657368293
265.141662068 -53.665502081
265.142185486 -53.678217975
265.142016895 -53.66938913
265.142230077 -53.667567155
265.142531888 -53.67686827
265.143312756 -53.680652532
265.144250582 -53.659687765
265.14460542 -53.677177301
265.145840489 -53.682011113
265.146275995 -53.665932584
265.146240273 -53.678814778
265.146631143 -53.670641382
265.146790851 -53.661939136
265.147238932 -53.68004159
265.148311341 -53.679677451
265.148501045 -53.683364071
265.148752448 -53.673387442
265.14967177 -53.676270367
265.149684106 -53.66708978
265.149940947 -53.6643263
265.149590767 -53.678153518
265.150725201 -53.682539999
265.15162907 -53.671811052
265.152124552 -53.674395439
265.152390679 -53.68531
265.152689384 -53.678169982
265.152916233 -53.666767504
265.153416215 -53.681878364
265.153782222 -53.683838349
265.154149271 -53.663277465
265.154360982 -53.671918036
265.155215961 -53.672934739
265.155065725 -53.669034564
265.155370198 -53.674276491
265.156166841 -53.683375999
265.157213601 -53.680603933
265.157455723 -53.683795868
265.157336283 -53.665942134
265.157744044 -53.669586317
265.157826388 -53.687824048
265.158157597 -53.6784697
265.157943812 -53.673153623
265.1587608 -53.686606143
265.158937412 -53.690281423
265.159742108 -53.688168981
265.159623778 -53.670128346
265.160589757 -53.666238306
265.161564247 -53.674208393
265.162047492 -53.667241028
265.162085912 -53.682617022
265.162089192 -53.679228735
265.162539515 -53.67005492
265.16320849 -53.67703844
265.16324605 -53.674375508
265.163983508 -53.667654969
265.164838566 -53.673258344
265.165505373 -53.671756986
265.104071193 -53.672248761
265.10430459 -53.668277016
265.104520645 -53.681212903
265.104573165 -53.678578137
265.106060129 -53.685794792
265.106520469 -53.675007591
265.107014893 -53.680760773
265.105285428 -53.660607021
265.10656155 -53.665699866
265.107929203 -53.660478643
265.108123814 -53.663531708
265.10855598 -53.665357366
265.109914077 -53.654359112
265.223242238 -53.675747796
265.224419101 -53.671070744
265.224551178 -53.677820193
265.225372926 -53.680901499
265.226233382 -53.677020603
265.228265928 -53.672177817
265.228637953 -53.69448365
265.229133424 -53.693566873
265.229286245 -53.690445575
265.230190815 -53.677470091
265.231866465 -53.681440218
265.231871841 -53.688854688
265.233191348 -53.678939982
265.233998648 -53.676124544
265.234328725 -53.688566277
265.236420964 -53.681497811
265.238040172 -53.676137209
265.238852644 -53.685868754
265.224618354 -53.665971199
265.227756853 -53.649179695
265.228021824 -53.661626844
265.228685065 -53.668036713
265.229425433 -53.657976503
265.23066078 -53.661274822
265.231018451 -53.669614949
265.233285984 -53.672578531
265.233656258 -53.664828716
265.234470481 -53.672104785
265.234928168 -53.673133223
265.235160579 -53.661279709
265.238477331 -53.666449132
265.239015431 -53.663159085
265.239607114 -53.666794965
265.241277138 -53.667800801
265.167157115 -53.66788687
265.167716903 -53.661675166
265.169809058 -53.647487264
265.170816355 -53.663456728
265.171699531 -53.670376063
265.171716942 -53.652273755
265.171995901 -53.656019926
265.173025319 -53.64771689
265.174801683 -53.64847032
265.174674007 -53.66251196
265.175271757 -53.655521931
265.175740654 -53.65349934
265.175906384 -53.672178121
265.175903849 -53.664594999
265.176866563 -53.665823283
265.178281646 -53.654798075
265.179392254 -53.651259569
265.179987019 -53.663976726
265.180206698 -53.668062825
265.180918571 -53.67207737
265.181137061 -53.66434045
265.181209347 -53.673966938
265.181285644 -53.658644489
265.183392947 -53.668580333
265.183951202 -53.663282714
265.184288731 -53.666035834
265.184920565 -53.654381739
265.1851153 -53.675219413
265.186069523 -53.65212317
265.187013223 -53.654590731
265.187182862 -53.661778139
265.188900252 -53.66211709
265.190016255 -53.666251675
265.190235857 -53.658024008
265.190430116 -53.674281807
265.190830192 -53.655695057
265.191926247 -53.679674159
265.192564876 -53.663916268
265.192810256 -53.659872292
265.193272121 -53.655321417
265.193645248 -53.66980658
265.195672845 -53.658778885
265.195742726 -53.665660642
265.195820458 -53.668186358
265.196942351 -53.671513988
265.197008403 -53.660681188
265.197406567 -53.658743079
265.197530561 -53.675864454
265.199041467 -53.662611977
265.20021445 -53.680699779
265.20067829 -53.667582237
265.200484105 -53.671482818
265.202490585 -53.683097768
265.204734493 -53.664616331
265.207736612 -53.680205571
265.207844573 -53.68598879
265.207904746 -53.683002447
265.207944929 -53.665515303
265.20822104 -53.667523678
265.208607554 -53.662097702
265.208835309 -53.681631897
265.209801159 -53.673328494
265.210276862 -53.678584042
265.210690514 -53.683275098
265.21275537 -53.687220131
265.212892795 -53.672611056
265.212922001 -53.679100522
265.21423538 -53.675503477
265.214964148 -53.681959208
265.214952964 -53.669438187
265.215145301 -53.689461837
265.216159048 -53.679243875
265.216871097 -53.668919539
265.216938175 -53.668977298
265.217393569 -53.689023426
265.21864213 -53.682430763
265.21860252 -53.666512138
265.21892458 -53.684723844
265.219051977 -53.678584408
265.219245988 -53.667866929
265.219558356 -53.676013925
265.220545315 -53.669807973
265.220395546 -53.687871027
265.22106627 -53.66753368
265.221237201 -53.674426372
265.221456657 -53.682817426
265.222146795 -53.681033798
265.17176938 -53.644109341
265.17584994 -53.646392308
265.180667198 -53.645413075
265.183078717 -53.639205059
265.183586145 -53.642340247
265.183646677 -53.640536826
265.183740557 -53.643649149
265.186284514 -53.64285329
265.187603445 -53.644650803
265.187652249 -53.641820202
265.189231782 -53.649011492
265.189393183 -53.640223235
265.190050091 -53.648140764
265.190714711 -53.636163781
265.190836002 -53.63830499
265.191136372 -53.646223695
265.191817562 -53.648613658
265.192082978 -53.639776257
265.192151329 -53.647123096
265.192649108 -53.641837731
265.193909742 -53.64915409
265.194044162 -53.639848123
265.195149832 -53.645059203
265.195674327 -53.641899019
265.19603642 -53.64041908
265.19667961 -53.647517768
265.197347624 -53.655848111
265.197316439 -53.653619615
265.198108929 -53.644714149
265.199002501 -53.639667222
265.199630854 -53.646725937
265.199843569 -53.637139049
265.200124343 -53.636103741
265.20094526 -53.642704359
265.202092199 -53.64492037
265.202821559 -53.648840361
265.20313865 -53.65435907
265.204010189 -53.639030793
265.204615524 -53.637092459
265.204780953 -53.6531431
265.20525592 -53.64731245
265.205269283 -53.656248739
265.206084246 -53.651139003
265.208223055 -53.6426994
265.209479435 -53.638712508
265.209712193 -53.652181713
265.209701715 -53.649091506
265.210976277 -53.650567367
265.213715727 -53.647163068
265.214944717 -53.655408597
265.216702634 -53.651646414
265.217092401 -53.644797226
265.218233957 -53.653584684
265.219331554 -53.656760849
265.223120547 -53.665860358
265.224122301 -53.664028665
265.122007834 -53.644552704
265.122209362 -53.646421554
265.122947857 -53.647297376
265.124366887 -53.649018301
265.125029548 -53.646160095
265.126336829 -53.64991158
265.129916677 -53.648140382
265.130545993 -53.646636081
265.130989063 -53.651692717
265.13340217 -53.650723149
265.133602767 -53.640049694
265.134101965 -53.652741602
265.136125316 -53.642862753
265.137625831 -53.644466534
265.1382247 -53.649712268
265.139121822 -53.64412549
265.140463215 -53.646493875
265.141608702 -53.637403507
265.144738499 -53.656701335
265.144979894 -53.644552558
265.146739473 -53.656214359
265.146716156 -53.658375441
265.147379847 -53.642595947
265.148829947 -53.65913323
265.149701777 -53.660338154
265.150284386 -53.654382351
265.150856336 -53.658024853
265.152301715 -53.660096524
265.152579 -53.638054142
265.152824965 -53.658482919
265.153332382 -53.661755101
265.153874022 -53.651198796
265.154605676 -53.650206736
265.155082585 -53.659502754
265.155152449 -53.662399136
265.155601468 -53.661215145
265.156645338 -53.655515177
265.156637442 -53.649907839
265.157501403 -53.66130585
265.157484657 -53.663120337
265.157934677 -53.652115528
265.15805201 -53.64830271
265.158805571 -53.662948356
265.159165831 -53.656460552
265.159174908 -53.664096646
265.161702438 -53.655189559
265.162327712 -53.658744347
265.164734763 -53.655576827
265.165371866 -53.665782221
265.167207446 -53.658212117
265.16747451 -53.652103264
265.168110025 -53.64942526
265.168305705 -53.645388548
265.152609997 -53.634254503
