29388
29608
29608
29608
29608
29608
29608
29608
29608
29608
29608
29608
29608
29608
29608
29608
29608
29608
29608
29608
29608
29608
29608
29608
29608
29608
29608
29608
29608
29608
29608
29608
29608
29608
29608
13148
29608
29608
29608
29608
29608
29608
29608
29608
29608
29608
29608
29608
29608
29608
29608
29608
29608
29608
29608
29608
29608
29608
29608
29608
29608
29608
29608
29608
29608
29608
29608
29608
29608
29608
29608
29608
29608
29608
29608
29608
29608
29608
29608
29608
29608
29608
29608
29608
29608
29608
29608
29608
29608
29608
29608
29608
29608
29608
29608
29608
29608
29608
29608
29608
29608
29608
29608
29608
29608
29608
29608
29608
29608
29608
29608
29608
29608
29608
29608
29608
29608
29608
29608
29608
29608
29608
29608
29608
29608
29608
29608
29608
29608
29608
29608
29608
29608
29608
29608
29608
29608
29608
29608
29608
29608
29608
29608
29608
29608
29608
29608
29608
29608
29608
29608
29608
29608
29608
29608
29608
29608
29608
29608
29608
29608
29608
29608
29608
29608
29608
29608
47462000
47525124
47584072
47137500
46736908
47003364
47266540
47069152
46871764
46871764
46871764
46871764
46082212
45884824
45490048
45292660
45095272
44503108
44239928
44305724
44174128
43976740
43910944
44453984
45001328
46070988
47013432
47762420
48239800
48840836
49367208
49566072
49567472
49896452
49910100
51003608
51241792
51348376
51467468
51656516
52326984
53326424
53084080
53030784
53569656
53450568
53265688
53068296
53002496
53619672
53517260
54076964
54110436
54949100
54924092
53929532
54365096
55052276
54685784
54372584
54018600
54084392
54018596
53755412
53623820
53623820
53623820
53623820
53623820
53623820
53623820
53623820
53623820
53492228
53558024
53821208
53887004
54018596
54215984
53821212
53952804
53952800
54084392
53887004
53952800
53887004
54084392
53821208
53887004
53952800
53821208
53821208
53821208
53821208
53821208
53821208
53821208
53821208
53821208
53821208
53821208
53821208
53821208
53821208
53821208
53821208
53821208
53821208
53821208
53821208
53821208
53821208
53821208
53821208
53821208
53821208
53821208
53821208
53821208
53821208
53821208
53821208
53821208
51847328
51847332
51847332
52057224
53106684
53946248
53946248
53946248
53513960
50490620
46123088
42175336
42175340
41880592
44539228
43320064
45081664
47740292
46236216
41951132
41378936
37501148
38143328
40294636
41453960
43285528
46861152
50983936
52616320
53265960
54396988
55251436
56508116
56752840
57005904
57933596
57746036
56963056
58216436
