106116
106116
106116
106116
106116
106116
106116
106116
106116
106116
106116
106116
106116
106116
106116
106116
106116
106116
106116
106116
53930532
53733144
53535756
53338368
53140980
52943592
52548816
51759264
51759264
51561876
51167100
50377548
50180160
50180160
50180164
50114364
50180164
50574940
50640732
50903916
51364488
51890856
52285632
52417224
53075184
53535760
54062128
54522696
54588496
54654288
55114864
54851684
55970212
55443852
56430784
56957148
57022948
57351928
56562380
57022944
55838620
56167596
56101804
56233392
56036008
55575436
55904416
54917480
54917480
54456900
55049064
55180656
54588492
54720084
54917472
54654288
54522696
54391104
54391104
54127920
53930532
53930532
53930532
53930532
53930532
53930532
53930532
53930532
53930532
53930532
53930532
53930532
53930532
53930532
53930532
53930532
53930532
53930532
53930532
53930532
53930532
53930532
53930532
53930532
53930532
53930532
53930532
53930532
53930532
53930532
53930532
53930532
53930532
53930532
53930532
53930532
53930532
53930532
53930532
53930532
53930532
53930532
53930532
53930532
53930532
53930532
53930532
53930532
53930532
53930532
53930532
53930532
53930532
53930532
53930532
53930532
53930532
53930532
53930532
53930532
53930532
53930532
53930532
53930532
51956656
49982776
46035024
44061152
41232820
42702064
44348744
40753492
43864352
43379660
40558776
36870932
37875444
38867436
37702468
42253388
40679352
41756188
43207860
45864728
48320012
51158464
53457152
55603408
57037516
58019404
57584436
58129860
58017316
58114672
58515996
58246864
58450804
58128376
58213224
57784220
57890796
57878292
58273072
58667844
58799440
58799440
58207284
58931036
58733644
58865236
58865236
58865236
58207272
58141476
57746700
57549312
57154536
57154536
56562372
55904416
56167600
56299188
56430780
56036004
56167596
55575436
56167596
56628172
57154548
58273072
58931028
58470460
58931032
59260028
59062628
59194240
59325828
59457412
59457416
59457420
59457412
59457412
59457424
59457412
59457416
59457424
59457424
59457416
59457424
59457416
59457424
59457416
59457412
59523208
59523216
59523208
59523216
59523220
59917996
59720608
60049588
60049584
59983792
60378560
60378568
59917972
59852176
59917968
59720584
60049560
60115356
60115360
58996832
59325808
60115360
59260016
58931040
59310032
60943316
60898360
60240408
60108812
60240400
60240400
60437788
60964156
60898360
60898356
58529704
57965824
55954436
56739820
58887864
60686084
60365436
60102252
59760768
59488356
59310024
59260008
59260008
59062620
59062620
59062620
59062620
59062620
58865232
58667844
58931028
59062620
59062620
59260012
59062628
59720580
59654784
59523192
57680908
57615112
57483520
57487688
58611276
59516640
59450844
55634684
55728764
55587944
55509644
56908924
58937880
59707476
59707476
59682468
59792328
59482408
59654784
59654784
59654784
59654784
59654788
60049560
60049560
59654784
59654784
59260012
59457396
59588988
59457396
59917968
60312744
60049560
60378540
59852176
57680908
58009888
58009888
58009888
58075684
56036004
52927828
51661924
52081708
52081708
53188620
54875200
54670380
56756784
58365956
58990568
57743724
54864492
55167564
54882648
54647752
54627804
55752292
57266480
55292604
55753164
54554432
51369788
52554120
51134892
51434704
49293500
52404356
53545520
55429488
57124396
55882612
55631668
56484684
58104728
58935984
59366704
59288612
58787936
55845012
56235932
56158052
56128924
56053960
55559184
55142032
55540240
55806932
55477952
55661408
53163992
53383380
53580836
53735048
53476720
53608556
52955460
53087052
53810804
54074660
53877272
53826480
53826480
53772820
54036000
53844200
54026912
53482048
53651376
54155100
54615680
55800000
55997388
55865796
54418284
54220900
54286048
54383520
54253032
53354144
53869596
53862192
53666264
51793944
51794204
52214392
52137028
51760756
51826292
51826292
51891828
51938392
52003928
51891828
51891828
49917948
47475720
47889520
47917976
47858988
46844216
44918104
43487236
44204392
44051116
43937028
42884192
42949728
42930856
42865320
42930856
42056964
41991424
42056960
42056960
41116464
40159096
40141832
40045764
40045764
37874500
34453632
35375692
35214704
35035080
35035080
34886044
34886044
34024220
32451912
32582984
32665252
26546484
26199504
21290616
19799652
20095188
19043852
19109388
19222580
19299448
19419104
18610772
18610828
18611080
18735268
18789416
18753272
18694272
18759808
18872916
18872384
18000140
18218132
18142156
18130204
17208316
17142780
17077244
16072080
16250724
16298184
16185244
16203152
16268688
16184656
16250248
16268688
16006544
16150352
15032388
14918524
13948964
14014276
13074704
12069176
10966028
10975188
10909732
9858648
9924184
9858648
9662040
8656876
7586036
6515672
5445084
5445084
5445084
4505680
4505680
3565632
3565632
3369024
3303488
3303488
3303488
3106880
3106880
