4465196
6554872
9104228
10196856
10961388
11038804
11145376
11276968
12790288
13185060
13579848
15619508
15422148
18605868
18544776
18464928
19943156
20969508
20068312
19064792
19222624
18810088
16977120
14393844
10730304
8222008
5057644
2713580
2345428
2016452
2279632
2148044
2148044
2148044
2218008
2888468
3014892
2634600
2376028
3033980
4293320
4435612
4835372
4397564
4194424
3364372
3364372
4482888
4596624
4415692
4230116
4690684
4961912
5835288
5739948
5005796
5363796
4198228
4921420
3826400
3201628
3148940
1620952
1620952
1620952
1620952
1620952
1620952
1620952
1620952
1620952
1620856
1620856
1620856
1620856
1620856
1620856
1620856
1620856
1620856
1620856
1620856
1620856
1620856
1620856
1620856
1620856
1620856
1620856
1620856
1620856
1620856
1620856
1620856
1620856
1620856
1620856
1620856
1620856
1620856
