3293044
7008552
9702004
9732680
10841976
10751160
10290584
10685368
12330280
13646192
12856656
13975180
16804408
19180240
19095280
17947548
17998972
18424080
18753220
18783436
18190756
18994832
16020844
12230024
8933320
6892952
4527540
1683944
1683944
1893832
1885396
1951192
2082780
1885392
1885396
2280168
1885396
2082780
2082784
2082784
2082784
2082784
2082784
2082784
2543352
2543352
2543352
2169044
2246504
2125540
2796000
2770992
3184272
3184272
3255056
2980124
2732688
2679908
2679912
2117200
2327092
3643892
3902024
3692136
3692136
3692136
3692136
4942240
4547464
4068892
3494748
4218496
4810656
4631300
5338600
5216640
5166816
4733724
3695384
4616520
5537656
5950796
5096168
4986672
4883440
4945736
5358680
4625892
3845364
2580472
1553792
1553792
1553792
1553792
1553792
1553792
1553792
1553792
1553792
1525944
1525944
1525944
1525944
1525944
1525944
1525944
1525944
1525944
1525944
1525944
1525944
1525944
1525944
1525944
1525944
1525944
1525944
1525944
1525944
1525944
1525944
1525944
1525944
1525944
1525944
1525944
1525944
