1669748
1669976
1669984
1669980
1669936
1669920
1669908
1669908
1669908
1669908
1669976
1669976
1669976
1669976
1669976
1669972
1604616
1604608
2164336
3913432
7901500
12239224
16437064
20774828
25482360
29910028
35049836
38720396
39752276
40429288
41156924
41950352
41550224
40949440
40608548
40314416
40844044
40687448
40884832
40687444
40687444
41082220
40687444
40687444
40161076
40161076
38910956
38318788
38779360
37989808
37924148
37990076
38520612
38857932
39396800
39935672
40532192
41527708
41934988
42552520
42157936
42696812
43358936
43893640
43895992
44031760
45158624
45383012
45267944
46238204
46641800
46654308
47254808
47214028
47975284
47802900
49231172
48936436
49116184
50497252
48876564
47969528
48312764
48383328
48376088
47376732
46807416
46868040
45771712
45026080
44056464
43190472
42913032
42913032
42913036
43242012
43307812
43965768
44097364
44492136
43899976
43834180
43965768
44031568
43965768
43899972
44031564
44048012
44228952
44738872
44749468
44000860
43183144
43022676
42976860
42896584
42896584
42896584
42896584
42896584
42896584
42896584
42896584
42896584
42896584
42896584
42896584
42896584
42962380
42962380
42962380
41778052
41778052
41790088
41533624
41533624
41599420
41599420
41599420
40415092
40415092
40425560
40169292
40169292
40169292
40169292
40169292
40366680
40366680
40366680
36813696
36945288
36974348
35157588
32394156
32986320
31623248
28303008
27794864
26490244
24343956
19438908
19643092
17932040
17233124
17233124
16988164
16988164
16988164
16988164
16988164
16988164
16988164
16988164
16988164
16988164
16988164
16988164
16988164
16988164
16988164
16988164
16988164
16988164
17053960
17053960
16067020
16067020
13331364
12268992
12221420
11441628
11466828
11224088
11511284
10823060
10789668
11233800
10434152
11187404
10085680
11093176
10680740
9763612
10726064
9474332
9349784
9349784
9360236
9375184
10305176
10317416
10329724
10603616
11271480
11287856
11304092
11319672
11334456
11349504
11364352
11379268
11393524
11408644
11425408
11444868
11464800
11478000
11478000
11478000
11478000
11478000
11478000
11478000
11478000
11478000
11478000
11478000
11478000
11478000
11478000
11478000
11478000
11478000
11478000
11478000
11478000
11478000
11478000
11478000
11478000
11478000
11478000
11478000
11478000
11478000
1632612
1642716
