7648624
7648624
7648624
7648624
7648624
7648624
7648624
7648624
7648624
7648624
7648624
7648624
7648624
7648624
7648624
7648624
7648624
7648624
7648624
7648624
7648624
7648624
7648624
7648624
7648624
7648624
7648624
7648624
7648624
7648624
7648624
7648624
7648624
7648624
7648624
7648624
7648624
7648624
7648624
7648624
8913808
8913808
8913808
8913808
8913808
8913808
8913808
8913808
8913808
8913808
8913808
8913808
8913808
8913808
8913808
8913808
8913808
10179548
10179548
10179548
10179548
10179548
10179548
10179548
10179548
10179548
10179548
10179548
10179548
10179548
10179548
10179548
11444732
11444732
11444732
11444732
11444732
11444732
11444732
11444732
11444732
11444732
11444732
11444732
11444732
12709916
12709916
12709916
12709916
12709916
12709916
12709916
12709916
12709916
12709916
12709916
12709916
12709916
12709916
12709916
12709916
13975100
13975100
13975100
13975100
13975100
13975100
13975100
13975100
13975100
13975100
13975100
13975100
15240284
15240284
15240284
15240284
15240284
15240284
15240284
15240284
15240284
15240284
15240284
15240284
15240284
15240284
15240284
16505468
16505468
16505468
16505468
16505468
16505468
16505468
16505468
16505468
16505468
16505468
16505468
16505468
16505468
17770652
17770652
17770652
17770652
17770652
17770652
17770652
17770652
17770652
17770652
17770652
17770652
17770652
19036384
19036384
19036384
19036384
19036384
19036384
19036384
19036384
19036384
19036384
19036384
19036384
19036384
20301568
20301568
20301568
20301568
20301568
20301568
20301568
20301568
20301568
20301568
20301568
20301568
20301568
20301568
20301568
21566752
21566752
21566752
21566752
21566752
21566752
21566752
21566752
21566752
21566752
21566752
21566752
21566752
21566752
21566752
21566752
21566752
21566752
22831936
22831936
22831936
22831936
22831936
22831936
22831936
22831936
22831936
22831936
22831936
22831936
22831936
22831936
22831936
24097120
24097120
24097120
24097120
24097120
24097120
24097120
24097120
24097120
24097120
24097120
24097120
25362304
25362304
25362304
25362304
25362304
25362304
25362304
25362304
25362304
25362304
25362304
25362304
25362304
25362304
26627488
26627488
26627488
26627488
26627488
26627488
26627488
26627488
26627488
26627488
26627488
26627488
26627488
26627488
26627620
27893220
27893220
27893220
27893220
27893220
27893220
27893220
27893220
27893220
27893220
27893220
27893220
27893220
27893220
29158404
29158404
29158404
29158404
29158404
29158404
29158404
29158404
29158404
29158404
29158404
29158404
30423588
30423588
30423588
30423588
30423588
30423588
30423588
30423588
30423588
30423588
30423588
30423588
30423588
30423588
31688772
31688772
31688772
31688772
31688772
31688772
31688772
31688772
31688772
31688772
31688772
31688772
31688772
32953956
32953956
32953956
32953956
32953956
32953956
32953956
32953956
32953956
32953956
32953956
32953956
32953956
34219140
34219140
34219140
34219140
34219140
34219140
34219140
34219140
34219140
34219140
34219140
34219140
34219140
34219140
35484324
35484324
35484324
35484324
35484324
35484324
35484324
35484324
35484324
35484324
35484324
35484324
35484324
35484324
35484324
35484324
35484324
35484324
35484324
35484324
35484324
36749636
36749636
36749636
36749636
36749636
36749636
36749636
36749636
36749636
36749636
36749636
38014820
38014820
38014820
38014820
38014820
38014820
38014820
38014820
38014820
38014820
38014820
38014820
39280004
39280004
39280004
39280004
39280004
39280004
39280004
39280004
39280004
39280004
39280004
40545188
40545188
40545188
40545188
40545188
40545188
40545188
40545188
40545188
40545188
40545188
40545188
40545188
40545188
40780800
40780800
40780800
40780800
40780800
40780800
40780800
40780800
40780800
40780800
40780800
43311164
43311164
43311164
43311164
43311164
43311164
43311164
43311164
43311164
43311164
43311164
43311164
44576344
44576344
44576344
44576344
44576344
44576344
44576344
44576344
44576344
44576344
44576344
44576344
44576344
44576344
44576344
44576344
44576344
44576344
44576344
44576344
44576344
44576344
44576344
44576344
44576344
44576344
44576344
45841524
45841524
45841524
45841524
45841524
45841524
45841524
45841524
45841524
45841524
45841524
45841524
45841524
45841524
45841524
45841524
45841524
45841524
45841524
45841524
45841524
45841524
45841524
45841524
45841524
45841524
45841524
45841524
45841524
45841524
45841524
45841524
45841524
45841524
45841524
47106704
47106704
47106704
47106704
47106704
47106704
47106704
47106704
47106704
47106704
47106704
47106704
47106704
47106704
47106704
47106704
47106704
47106704
47106704
47106704
47106704
47106704
47106704
47106704
47106704
47106704
47106704
47106704
47106704
47106704
47106704
47106704
47106704
47106704
47106704
47106704
48371884
48371884
48371884
48371884
48371884
48371884
48371884
48371884
48371884
48371884
48371884
48371884
48371884
48371884
48371884
48371884
48371884
48371884
48371884
48371884
48371884
48371884
48371884
48371884
48371884
49637064
49637064
49637064
49637064
49637064
49637064
49637064
49637064
49637064
49637064
49637064
49637064
49637064
49637064
49637064
49637064
49637064
49637064
49637064
49637064
49637064
49637064
49637064
49637064
49637064
49637064
49637064
49637064
49637064
49637064
49637064
49637064
49637064
49637064
49637064
50902244
50902244
50902244
50902244
50902244
50902244
50902244
50902244
50902244
50902244
50902244
50902244
50902244
50902244
50902244
50902244
50902244
50902244
50902244
50902244
50902244
50902244
50902244
50902244
50902244
50902244
50902244
50902244
50902244
50902244
50902244
50902244
52167424
52167424
52167424
52167424
52167424
52167424
52167424
52167424
52167424
52167424
52167424
52167424
52167424
52167424
52167424
52167424
52167424
52167424
52167424
52167424
52167424
52167424
52167424
52167424
52167424
52167424
52167424
52167424
52167424
52167424
52167424
53432604
53432604
53432604
53432604
53432604
53432604
53432604
53432604
53432604
53432604
53432604
53432604
50902240
40780768
40780768
40780768
40780768
40780768
40780768
44576316
44576316
44576316
44576316
44576316
44576316
44576316
44576316
44576316
44576316
44576316
44576316
44576316
44576316
44576316
44576316
44576316
44576316
44576316
44576316
44576316
44576316
44576316
44576316
44576316
44576316
44576316
44576316
44576316
44576316
44576316
44576316
44576316
44576316
44576316
44576316
44576316
44576316
44576316
44576316
44576316
44576316
44576316
44576316
44576316
44576316
44576316
44576316
44576316
44576316
44576316
44576316
44576316
44576316
44576316
44576316
44576316
44576316
44576316
44576316
44576316
44576316
44576316
44576316
44576316
44576316
44576316
44576316
44576316
44576316
44576316
44576316
44576316
44576316
44576316
44576316
44576316
44576316
44576316
44576316
44576316
44576316
44576316
44576316
44576316
44576316
44576316
44576316
44576316
44576316
44576316
44576316
44576316
44576316
44576316
44576316
44576316
44576316
44576316
44576316
44576316
44576316
44576316
44576316
44576316
44576316
44576316
44576316
44576316
45841500
45841500
45841500
45841500
45841500
45841500
45841500
45841500
45841500
45841500
45841500
45841500
45841500
45841500
45841500
45841500
45841500
45841500
45841500
45841500
47106684
47106684
47106684
47106684
47106684
47106684
47106684
47106684
47106684
47106684
47106684
47106684
47106684
47106684
47106684
47106684
47106684
47106684
47106684
47106684
47106684
47106684
47106684
47106684
47106684
47106684
47106684
47106684
48371868
48371868
48371868
48371868
48371868
48371868
48371868
48371868
48371868
48371868
48371868
48371868
48371868
48371868
48371868
48371868
48371868
48371868
48371868
48371868
48371868
48371868
48371868
48371868
48371868
48371868
48371868
48371868
49637052
49637052
49637052
49637052
49637052
49637052
49637052
49637052
49637052
49637052
49637052
49637052
49637052
49637052
49637052
49637052
49637052
49637052
49637052
49637052
49637052
49637052
50902236
50902236
50902236
50902236
50902236
50902236
50902236
50902236
50902236
50902236
50902236
50902236
50902236
50902236
50902236
50902236
50902236
50902236
50902236
50902236
50902236
52167420
52167420
52167420
52167420
52167420
52167420
52167420
52167420
52167420
52167420
52167420
52167420
52167420
52167420
52167420
52167420
52167420
52167420
52167420
52167420
52167420
52167420
52167420
52167420
52167420
52167420
52167420
52167420
52167420
52167420
52167420
52167420
52167420
52167420
52167420
52167420
52167420
52167420
52167420
52167420
52167420
52167420
52167420
52167420
52167420
52167420
52167420
52167420
52167420
52167420
52167420
52167420
52167420
52167420
52167420
52167420
52167420
52167420
52167420
52167420
52167420
52167420
52167420
52167420
52167420
52167420
52167420
52167420
52167420
52167420
52167420
52167420
52167420
52167420
52167420
52167420
52167420
52167420
52167420
52167420
52167420
52167420
52167420
52167420
52167420
52167420
52167420
52167420
52167420
52167420
52167420
53432604
53432604
53432604
53432604
53432604
53432604
53432604
53432604
53432604
53432604
53432604
53432604
53432604
53432604
53432604
53432604
53432604
53432604
53432604
53432604
53432604
53432604
53432604
53432604
53432604
54697788
54697788
54697788
54697788
54697788
54697788
54697788
54697788
54697788
54697788
54697788
54697788
54697788
54697788
54697788
47106688
40780768
40780768
40780768
40780768
40780768
40780768
40780768
45841496
45841496
45841496
45841496
45841496
45841496
45841496
45841496
45841496
45841496
45841496
45841496
45841496
45841496
45841496
45841496
45841496
45841496
45841496
45841496
45841496
45841496
45841496
45841496
45841496
45841496
45841496
45841496
45841496
45841496
45841496
45841496
45841496
45841496
45841496
45841496
45841496
45841496
45841496
45841496
45841496
45841496
45841496
47106676
47106676
47106676
47106676
47106676
47106676
47106676
47106676
47106676
47106676
47106676
47106676
47106676
47106676
47106676
47106676
47106676
47106676
47106676
47106676
47106676
47106676
47106676
47106676
47106676
47106676
47106676
47106676
47106676
47106676
47106676
47106676
47106676
47106676
47106676
47106676
47106676
47106676
47106676
47106676
47106676
47106676
47106676
47106676
47106676
47106676
47106676
47106676
47106676
47106676
47106676
47106676
47106676
47106676
47106676
47106676
47106676
47106676
47106676
47106676
47106676
47106676
47106676
47106676
47106676
47106676
47106676
47106676
47106676
47106676
47106676
47106676
48371856
48371856
48371856
48371856
48371856
48371856
48371856
48371856
48371856
48371856
48371856
48371856
48371856
48371856
48371856
49637036
49637036
49637036
49637036
49637036
49637036
49637036
49637036
49637036
49637036
49637036
49637036
49637036
49637036
49637036
49637036
49637036
49637036
49637036
49637036
49637036
49637036
49637036
49637036
49637036
49637036
49637036
49637036
49637036
49637036
49637036
50902216
50902216
50902216
50902216
50902216
50902216
50902216
50902216
50902216
50902216
50902216
50902216
50902216
50902216
50902216
50902216
52167396
52167396
52167396
52167396
52167396
52167396
52167396
52167396
52167396
52167396
52167396
52167396
52167396
52167396
52167396
52167396
52167396
53432576
53432576
53432576
53432576
53432576
53432576
53432576
53432576
53432576
53432576
53432576
53432576
53432576
53432576
54697756
54697756
54697756
54697756
54697756
54697756
54697756
54697756
54697756
54697756
54697756
54697756
54697756
55962936
55962936
55962936
55962936
55962936
55962936
55962936
55962936
55962936
55962936
55962936
55962936
55962936
48371840
40780736
40780736
40780736
40780736
40780736
40780736
41808652
43691428
49491004
49491004
49491004
49491004
49491004
49491004
49491004
49491004
49491004
49491004
49491004
49491004
49491004
49491004
49491004
49491004
49491004
49491004
49491004
49491004
49491004
49491004
49499708
49540848
49564068
49594456
49624580
49649948
49670824
49683244
49696456
49697512
49714952
49715348
49723672
49731864
49749304
49757892
49758552
49800832
49834524
49893452
49895036
49895168
49895960
49896356
49896884
49897016
49897544
49899788
49900052
49900712
49900976
49902296
49902560
49902560
49903220
49919604
49920132
49920528
49937176
49970076
49986724
50003240
50003900
50212132
50300784
50300784
50301048
50304084
50311344
51284204
51317236
51416860
51417124
51584660
52181612
52549188
52549320
52549980
52550376
52655412
52662672
52667160
52667292
52669272
52735072
52935244
53137924
53931220
53931220
53932672
54133108
54133240
54133504
54133504
54270912
55064472
55198976
55199768
55199768
55266096
55729336
55931620
55931620
55935580
55935580
56006660
56276328
56411492
56411888
56411888
56546920
56553916
56623940
56689740
57088632
57422780
57428720
57428720
57495048
57497292
58092528
58623944
58757392
58757392
58757392
59024684
59489904
59757064
59757064
59892492
59892492
60030296
60495516
60495516
60760300
61355668
61355668
61492680
61628372
61959088
62423252
62621972
62820824
63023768
63023768
63029708
63101976
63102108
63302676
63305580
63373228
63774232
63780436
63780436
64049840
64049840
64189228
64460216
64460216
64533804
64608316
64682168
64816276
64889204
65219656
65222824
65222824
65225200
65227972
65230348
65231008
65231800
65233648
65300768
65368020
65369472
65371056
65700320
65964048
66163560
66165936
66233716
66705800
66849940
66918380
67324532
67398516
67602912
67672144
67809420
68017512
68291008
68564504
68837340
69044640
69185480
69458976
69731284
69897200
70170564
70403136
70611756
70820244
71054212
71140216
71398716
71416184
71780180
71829408
71918560
72162340
72058828
71934628
71934628
71934628
71934756
71934756
71934756
71934756
71934756
71934756
71934756
71934756
71934756
71934756
71934756
71934756
71934756
71934756
71934756
71934756
71934756
71934756
71934756
71934756
71934756
71934756
71934756
71934756
71934756
71934756
71934756
71934756
71934756
71934756
71934756
71934756
71934756
71934756
71934756
71934756
71934756
71934756
71934756
71934756
71934756
71934756
71934756
71934756
71934756
71934756
71934756
71934756
71934756
71934756
71934756
71934756
71934756
71934756
71934756
71934756
71934756
71934756
71934756
71934756
71934756
71934756
71934756
71934756
71934756
71934756
71934756
71934756
71934756
71934756
71934756
71934756
71934756
71934756
71934756
71934756
71934756
71934756
71934756
71934756
71934756
71934756
71934756
71934756
71934756
71934756
71934756
71934756
71934756
71934756
71934756
71934756
71934756
71934756
71934756
71934756
71934756
71934756
71934756
71934756
71934756
71934756
71934756
71934756
71934756
71934756
71934756
71934756
71934756
71934756
71934756
71934756
71934756
71934756
71934756
71934756
71934756
71934756
71934756
71934756
71934756
71934756
71934756
71934756
71934756
71934756
71934756
71934756
71934756
71934756
71934756
71934756
71934756
71934756
71934756
71934756
71934756
71934756
71934756
71934756
71934756
71934756
71934756
71934756
71934756
71934756
71934756
71934756
71934756
71934756
71934756
71934756
71934756
71934756
71934756
71934756
71934756
71934756
71934756
71934756
71934756
71934756
71934756
71934756
71934756
71934756
71934756
71934756
71934756
71934756
71934756
71934756
71934756
71934756
71934756
71934756
71934756
71934756
71934756
71934756
71934756
71934756
71934756
71934756
71934756
71934756
71934756
71934756
71934756
71934756
71935640
71935640
71935640
71935644
71935640
71935644
71935640
69063216
68845424
68845424
68625232
68406048
68406048
68185160
67965740
67965740
67744888
67525352
67525352
67305692
67084472
67084472
66864644
66643292
66643292
66423204
66423204
66202980
66202980
65981232
65981232
65761000
65539384
65539384
65319268
65319268
65097728
65097728
64877624
64877624
64657572
64657572
64436076
64436076
64216080
64216080
63994640
63994640
63776384
63776384
62333044
62333044
62333044
59446352
44264168
34142712
24021256
18311048
18311048
18311048
18311048
18311048
18311048
